64.28
39.62
64.28
64.28
64.28
64.28
56.725
48.7875
40.5275
31.81
30.647499999999997
29.8675
29.41
29.41
29.41
29.41
30.8075
31.987499999999997
32.485
33.1375
32.392500000000005
31.865000000000002
32.02
32.02
32.02
32.02
32.02
32.02
32.02
32.02
36.51
41.0
45.489999999999995
49.98
49.98
49.98
49.98
48.644999999999996
48.089999999999996
47.677499999999995
47.265
48.1875
48.33
48.33
48.33
48.33
48.33
48.33
48.33
48.33
48.33
48.33
48.33
48.33
48.33
48.33
48.33
48.33
48.33
48.33
48.33
48.33
48.33
48.33
48.33
48.33
48.33
48.33
48.33
48.33
63.29
64.0
